Sample	NC_000962.3_1673425	NC_000962.3_2155168	NC_000962.3_340132	NC_000962.3_3730466	NC_000962.3_3847073	NC_000962.3_3847087	NC_000962.3_4247429	NC_000962.3_580772	NC_000962.3_761109	NC_000962.3_761110	NC_000962.3_761139	NC_000962.3_761155	NC_000962.3_761161	NC_000962.3_836272	NC_000962.3_968965	AMR
SAMN19845079	0	1	1	1	0	0	0	0	0	0	0	0	0	0	0	R
SAMN19845080	0	0	1	1	0	0	0	1	0	0	0	0	0	0	0	S
SAMN19845081	0	1	0	1	0	0	0	1	0	0	0	1	0	0	0	R
SAMN19845082	0	1	0	1	0	0	0	1	0	0	0	1	0	0	0	R
SAMN19845083	0	0	1	1	0	0	0	0	0	0	0	0	0	0	0	S
SAMN19845084	1	0	1	1	0	0	0	0	0	0	0	1	0	0	0	R
SAMN19845085	1	0	1	1	0	0	0	0	0	0	0	1	0	0	0	R
SAMN19845086	0	0	1	1	0	0	0	1	0	0	0	0	0	0	0	S
SAMN19845087	0	0	1	1	0	0	0	0	0	0	0	1	0	0	1	R
SAMN19845088	0	1	0	1	0	0	0	1	0	0	0	1	0	0	0	R
SAMN19845089	0	1	1	0	0	0	0	0	0	0	0	1	0	0	0	R
SAMN19845090	0	1	1	1	0	0	1	0	0	0	0	1	0	0	0	R
SAMN19845091	0	0	1	1	0	0	0	0	0	0	0	0	0	0	0	R
SAMN19845092	0	1	1	1	0	0	1	0	0	0	0	1	0	0	0	R
SAMN19845093	0	0	0	1	0	0	0	1	0	0	0	0	0	0	0	S
SAMN19845094	0	0	1	1	0	0	0	1	0	0	0	1	0	0	0	S
SAMN19845095	0	1	1	0	0	0	1	1	0	0	1	0	0	0	0	R
SAMN19845096	1	0	1	1	0	0	0	0	0	0	0	1	0	0	0	R
SAMN19845097	0	1	1	1	0	0	0	1	0	0	0	1	0	0	0	R
SAMN19845098	0	1	1	1	0	0	0	0	0	0	0	0	0	0	0	R
SAMN19845099	0	1	1	1	0	0	0	1	0	0	0	1	0	0	0	R
SAMN19845100	1	1	1	1	0	0	1	1	0	0	0	1	0	0	0	R
SAMN19845101	0	0	0	1	0	0	0	0	0	0	0	0	0	0	0	S
SAMN19845102	0	1	1	0	0	0	0	1	0	1	0	0	0	0	0	R
SAMN19845103	0	0	0	1	0	0	0	1	0	0	0	0	0	0	0	R
SAMN19845104	0	1	0	0	0	0	0	1	0	0	0	1	0	0	0	R
SAMN19845105	0	1	0	1	0	0	0	1	0	0	0	1	0	0	0	R
SAMN19845106	1	0	1	1	0	0	0	0	0	0	0	1	0	0	0	R
SAMN19845107	0	0	1	1	0	0	0	1	0	0	0	1	0	0	0	R
SAMN19845108	0	0	1	1	0	0	0	0	0	0	0	1	0	0	0	R
SAMN19845109	0	1	1	1	0	0	0	0	0	0	0	1	0	0	0	R
SAMN19845110	0	1	1	1	0	0	0	0	0	0	1	0	0	0	0	R
SAMN19845111	0	1	0	1	0	0	0	1	0	0	0	0	0	0	0	R
SAMN19845112	0	1	0	1	0	0	0	1	0	0	0	1	0	0	0	R
SAMN19845113	0	1	1	0	0	0	0	0	0	1	0	0	0	0	0	R
SAMN19845114	0	1	1	1	0	0	0	0	0	0	0	1	0	0	0	R
SAMN19845115	0	0	1	1	0	0	0	1	0	0	0	0	0	0	0	S
SAMN19845116	0	0	1	0	0	0	1	1	0	0	1	0	0	0	0	S
SAMN19845117	0	1	1	0	0	0	0	1	0	1	1	0	0	0	0	R
SAMN19845118	0	1	1	1	0	0	1	0	0	0	0	0	0	0	0	R
SAMN19845119	0	1	1	1	0	0	0	1	0	0	0	1	0	0	0	R
SAMN19845120	0	1	1	1	0	0	0	1	0	0	0	1	0	0	0	R
SAMN19845121	0	1	1	1	0	0	0	0	0	0	0	0	0	0	0	R
SAMN19845122	1	0	1	0	0	0	0	0	0	0	1	0	0	0	0	R
SAMN19845123	0	0	0	1	0	0	0	1	0	0	0	1	0	0	0	R
SAMN19845124	0	0	1	1	0	0	0	1	0	0	0	0	0	0	0	S
SAMN19845125	0	1	1	1	0	0	1	1	0	0	1	0	0	0	0	R
SAMN19845126	1	0	1	1	0	0	0	1	0	0	1	0	0	0	0	R
SAMN19845127	0	1	0	1	0	0	0	1	0	0	1	0	0	0	0	R
SAMN19845128	0	0	0	0	0	0	0	0	0	0	0	0	0	0	0	R
SAMN19845129	0	1	1	1	0	0	0	0	1	0	0	0	0	0	0	R
SAMN19845130	0	1	0	0	0	0	0	1	0	0	1	0	0	0	0	R
SAMN19845131	0	1	1	1	0	0	0	0	0	0	0	1	0	0	0	R
SAMN19845132	0	0	0	1	0	0	0	1	0	0	0	1	0	0	0	R
SAMN19845133	1	0	1	1	0	0	1	0	0	0	1	0	0	0	0	R
SAMN19845134	0	1	0	1	0	0	0	1	0	0	0	1	0	0	0	R
SAMN19845135	0	1	0	1	0	0	0	1	0	0	0	0	0	0	0	R
SAMN19845136	0	1	0	1	0	0	0	1	0	0	0	1	0	0	0	R
SAMN19845137	0	1	1	1	0	0	0	0	0	0	0	0	0	0	0	R
SAMN19845138	0	1	0	1	0	0	0	1	0	0	0	1	0	0	0	R
SAMN19845139	0	1	1	1	0	0	0	0	0	0	0	1	0	0	0	R
SAMN19845140	0	0	1	1	0	0	0	0	0	0	0	1	0	0	0	R
SAMN19845141	0	1	0	0	0	0	0	1	0	0	0	1	0	0	0	R
SAMN19845142	0	1	1	0	0	0	0	0	0	0	0	0	0	0	0	R
SAMN19845143	0	1	1	0	0	0	0	0	0	0	0	0	0	0	1	R
SAMN19845144	0	0	0	1	0	0	0	1	0	0	0	0	0	0	0	S
SAMN19845145	0	1	1	1	0	0	1	0	0	0	0	0	1	0	0	R
SAMN19845146	1	1	1	1	0	0	0	0	0	0	1	0	0	0	0	R
SAMN19845147	0	0	1	1	0	0	0	0	0	0	0	0	0	0	0	S
SAMN19845148	1	0	1	1	0	0	0	0	0	0	1	0	0	0	0	R
SAMN19845149	1	0	1	1	0	0	0	1	0	0	0	1	0	0	0	R
SAMN19845150	0	0	1	1	0	0	0	1	0	0	0	1	0	0	0	S
SAMN19845151	1	0	1	1	0	0	0	0	0	0	0	1	0	0	0	R
SAMN19845152	1	0	1	1	0	0	0	0	0	0	0	1	0	0	0	R
SAMN19845153	0	0	1	1	0	0	0	1	0	0	0	1	0	0	0	R
SAMN19845154	0	1	1	1	0	0	0	1	0	1	0	0	0	0	0	R
SAMN19845155	1	0	1	1	0	0	0	0	0	0	0	1	0	0	0	R
SAMN19845156	0	1	1	1	0	0	0	1	0	0	0	1	0	0	0	R
SAMN19845157	0	1	0	1	0	0	0	0	0	0	1	0	0	0	0	R
SAMN19845158	0	0	1	1	0	0	0	0	0	0	0	1	0	0	0	R
SAMN19845159	0	1	1	1	0	0	0	0	0	0	0	1	0	0	0	R
SAMN19845160	0	1	0	1	0	0	0	1	0	0	0	0	0	0	0	R
SAMN19845161	0	0	1	1	0	0	0	1	0	0	0	0	0	0	0	S
SAMN19845162	1	0	1	1	0	0	0	0	0	0	0	1	0	0	0	R
SAMN19845163	0	1	1	1	0	0	0	0	0	0	0	0	0	0	0	R
SAMN19845164	0	1	1	1	0	0	0	0	0	0	0	1	0	0	0	R
SAMN19845165	0	1	0	1	0	0	0	1	0	0	0	0	0	0	0	R
SAMN19845166	0	1	1	1	0	0	0	1	0	0	1	0	0	0	0	R
SAMN19845167	0	1	0	1	0	0	0	1	0	0	0	1	0	0	0	R
SAMN19845168	0	0	0	0	0	0	0	0	0	0	0	1	0	0	0	S
SAMN19845169	0	1	0	1	0	0	0	1	0	1	0	0	0	0	0	R
SAMN19845170	0	0	1	1	0	0	0	1	1	0	0	0	0	0	0	R
SAMN19845171	0	1	0	0	0	0	0	1	1	0	0	0	0	0	0	R
SAMN19845172	0	1	1	1	0	0	1	0	0	0	0	1	0	0	0	R
SAMN19845173	0	1	0	1	0	0	0	1	0	0	0	1	0	0	0	R
SAMN19845174	0	1	0	1	0	0	0	1	0	0	0	1	0	0	0	R
SAMN19845175	1	0	1	1	0	0	1	0	0	0	1	0	0	0	0	R
SAMN19845176	0	1	1	1	0	0	0	0	0	0	0	1	0	0	0	R
SAMN19845177	0	1	1	1	0	0	0	0	0	0	0	1	0	0	0	R
SAMN19845178	1	0	1	0	0	0	0	0	0	0	0	0	0	0	0	R
SAMN19845179	0	0	0	1	0	0	0	1	0	0	0	1	0	0	0	R
SAMN19845180	0	1	1	1	0	0	0	0	0	0	0	1	0	0	0	R
SAMN19845181	0	0	0	0	0	0	0	1	0	0	0	0	0	0	0	R
SAMN19845182	0	1	1	1	0	0	1	0	0	0	1	0	0	0	0	R
SAMN19845183	0	1	1	1	0	0	0	0	0	0	0	1	0	0	0	R
SAMN19845184	0	1	0	0	0	0	0	1	0	0	0	1	0	0	0	R
SAMN19845185	0	1	1	1	0	0	0	0	0	0	1	0	0	0	0	R
SAMN19845186	1	0	1	1	0	0	0	0	0	0	0	1	0	0	0	R
SAMN19845187	1	0	0	1	0	0	0	1	0	0	0	0	0	0	0	R
SAMN19845188	0	1	0	1	0	0	0	1	0	0	0	1	0	0	0	R
SAMN19845189	0	1	0	1	0	0	0	1	0	0	0	1	0	0	0	R
SAMN19845190	0	1	1	1	0	0	0	0	0	0	0	0	0	0	0	R
SAMN19845191	0	1	1	0	0	0	0	0	0	0	0	1	0	0	0	R
SAMN19845192	0	1	1	1	0	0	0	1	0	0	1	0	0	0	0	R
SAMN19845193	0	1	0	1	0	0	0	1	0	0	0	1	0	0	0	R
SAMN19845194	0	1	1	1	0	0	0	0	0	0	0	1	0	0	0	R
SAMN19845195	0	0	1	1	0	0	0	1	0	0	0	1	0	0	0	R
SAMN19845196	0	0	1	0	0	0	0	0	0	0	1	0	0	0	0	S
SAMN19845197	0	1	0	1	0	0	0	1	0	0	0	1	0	0	0	R
SAMN19845198	0	0	0	1	0	0	0	0	0	0	0	1	0	0	0	R
SAMN19845199	0	0	1	1	0	0	0	0	0	1	0	0	0	0	0	R
SAMN19845200	0	1	1	1	0	0	0	0	0	0	0	0	0	0	0	R
SAMN19845201	0	1	1	1	0	0	1	1	0	0	0	1	0	0	0	R
SAMN19845202	0	0	0	0	0	0	0	1	0	0	0	1	0	0	0	R
SAMN19845203	0	1	0	1	0	0	0	1	0	0	0	1	0	0	0	R
SAMN19845204	0	1	0	0	0	0	1	1	0	0	0	1	0	0	0	R
SAMN19845205	0	1	0	0	0	0	0	1	0	0	0	1	0	0	0	R
SAMN19845206	0	0	0	0	0	0	0	1	0	0	0	0	0	0	0	R
SAMN19845207	0	0	1	1	0	0	1	0	0	0	0	1	0	0	0	R
SAMN19845208	0	1	1	1	0	0	0	1	0	0	0	1	0	0	0	R
SAMN19845209	0	0	1	1	0	0	0	0	0	0	0	0	0	0	0	S
SAMN19845210	0	1	0	1	0	0	0	1	0	0	0	1	0	0	0	R
SAMN19845211	0	1	1	1	0	0	0	0	0	0	0	1	0	0	0	R
SAMN19845212	0	1	1	1	0	0	1	1	0	0	0	1	0	0	0	R
SAMN19845213	0	1	1	0	0	0	0	0	0	0	0	1	0	0	0	R
SAMN19845214	0	0	1	1	0	0	0	0	0	0	0	1	0	0	0	R
SAMN19845215	0	0	0	0	0	0	0	1	0	0	0	1	0	0	0	R
SAMN19845216	0	1	1	1	0	0	0	1	0	0	0	0	0	0	0	R
SAMN19845217	0	0	1	1	0	0	0	1	0	0	0	1	0	0	0	R
SAMN19845218	0	0	1	1	0	0	0	1	0	0	0	0	0	0	0	S
SAMN19845219	0	1	0	1	0	0	0	1	0	0	0	1	0	0	0	R
SAMN19845220	0	1	1	0	0	0	0	0	0	0	0	1	0	0	0	R
SAMN19845221	0	0	1	0	0	0	0	0	0	0	0	0	0	0	0	R
SAMN19845222	0	1	1	1	0	0	0	0	0	0	0	1	0	0	0	R
SAMN19845223	0	1	0	1	0	0	0	1	0	0	0	0	0	0	0	R
SAMN19845224	0	1	1	1	0	0	0	1	0	0	1	0	0	0	0	R
SAMN19845225	0	1	0	1	0	0	0	1	0	0	0	1	0	0	0	R
SAMN19845226	0	1	1	1	0	0	0	0	0	0	0	1	0	0	0	R
SAMN19845227	0	0	1	1	0	0	0	0	0	0	0	1	0	0	0	R
SAMN19845228	0	1	1	1	0	0	1	1	0	0	0	1	0	0	0	R
SAMN19845229	0	0	0	1	0	0	0	1	0	0	0	0	0	0	0	R
SAMN19845230	0	1	0	0	0	0	0	1	0	0	0	1	0	0	0	R
SAMN19845231	0	1	0	1	0	0	0	1	0	1	0	0	0	0	0	R
SAMN19845232	0	0	1	1	0	0	0	0	0	0	0	0	0	0	0	R
SAMN19845233	0	1	1	0	0	0	1	0	0	0	0	1	0	0	0	R
SAMN19845234	0	1	1	1	0	0	0	0	0	0	0	1	0	0	0	R
SAMN19845235	0	0	1	1	0	0	0	0	0	0	0	0	0	0	0	S
SAMN19845236	0	1	0	1	0	0	0	1	0	0	0	0	0	0	0	R
SAMN19845237	0	1	0	1	0	0	0	1	0	0	0	1	0	0	1	R
SAMN19845238	0	0	1	0	0	0	0	0	0	0	0	0	0	0	0	R
SAMN19845239	0	1	0	1	0	0	0	1	0	0	0	0	0	0	0	R
SAMN19845240	0	0	1	1	0	0	0	0	0	1	0	0	0	0	0	R
SAMN19845241	0	1	1	0	0	0	0	0	0	0	1	0	0	0	0	R
SAMN19845242	0	1	0	1	0	0	0	1	0	0	0	1	0	0	0	R
SAMN19845243	0	0	1	1	0	0	0	1	0	0	0	1	0	0	0	R
SAMN19845244	0	1	0	1	0	0	0	1	0	0	0	0	0	0	0	R
