Sample	NC_000962.3_1218896	NC_000962.3_1473246	NC_000962.3_2155168	NC_000962.3_2289213	NC_000962.3_2289252	NC_000962.3_2922846	NC_000962.3_2986827	NC_000962.3_3336620	NC_000962.3_3928247	NC_000962.3_4247429	NC_000962.3_4247431	NC_000962.3_4327484	NC_000962.3_7570	NC_000962.3_761155	NC_000962.3_761161	AMR
SAMN19845079	0	0	1	0	0	0	0	0	0	0	0	0	0	0	0	R
SAMN19845080	1	0	0	0	0	1	0	1	0	0	0	0	0	0	0	S
SAMN19845081	0	0	1	0	0	0	0	0	0	0	0	0	0	1	0	R
SAMN19845082	0	0	1	0	0	0	0	0	0	0	1	0	0	1	0	S
SAMN19845083	0	0	0	0	0	0	0	0	0	0	0	0	0	0	0	S
SAMN19845084	0	0	0	0	0	0	0	0	0	0	0	0	0	1	0	R
SAMN19845085	0	0	0	0	0	0	0	0	0	0	0	0	0	1	0	S
SAMN19845086	1	0	0	0	0	1	0	0	0	0	0	0	0	0	0	S
SAMN19845087	0	0	0	0	0	0	0	0	0	0	0	0	0	1	0	S
SAMN19845088	0	0	1	0	0	0	0	0	0	0	0	0	0	1	0	S
SAMN19845089	0	0	1	0	0	0	0	0	0	0	1	0	0	1	0	R
SAMN19845090	0	1	1	0	0	0	0	0	0	1	0	0	0	1	0	R
SAMN19845091	0	0	0	0	0	0	0	0	0	0	0	0	0	0	0	R
SAMN19845092	0	0	1	0	0	0	0	0	0	1	0	0	0	1	0	S
SAMN19845093	0	0	0	0	0	0	0	0	0	0	0	0	0	0	0	S
SAMN19845094	1	0	0	0	0	1	0	0	0	0	0	0	0	1	0	S
SAMN19845095	0	0	1	0	0	1	0	1	0	1	0	0	0	0	0	R
SAMN19845096	0	0	0	0	0	0	0	0	0	0	0	0	0	1	0	R
SAMN19845097	1	0	1	0	0	1	0	0	0	0	0	0	0	1	0	S
SAMN19845098	0	0	1	0	0	0	0	0	0	0	0	0	0	0	0	S
SAMN19845099	1	0	1	0	0	1	0	0	0	0	0	0	0	1	0	S
SAMN19845100	0	0	1	0	0	1	0	1	0	1	0	0	0	1	0	R
SAMN19845101	0	0	0	0	0	0	0	0	0	0	0	0	0	0	0	S
SAMN19845102	1	0	1	0	0	1	0	0	0	0	0	0	0	0	0	S
SAMN19845103	0	0	0	0	0	0	0	0	0	0	0	0	0	0	0	R
SAMN19845104	0	0	1	0	0	0	0	0	0	0	1	0	0	1	0	R
SAMN19845105	0	0	1	0	0	0	0	0	0	0	0	0	0	1	0	S
SAMN19845106	0	0	0	0	0	0	0	0	0	0	0	0	0	1	0	S
SAMN19845107	1	0	0	0	0	1	0	0	0	0	0	0	0	1	0	R
SAMN19845108	0	0	0	0	0	0	0	0	0	0	0	0	0	1	0	R
SAMN19845109	0	0	1	0	0	0	0	0	0	0	0	0	0	1	0	R
SAMN19845110	0	0	1	0	0	0	0	0	0	0	0	0	0	0	0	S
SAMN19845111	0	0	1	0	0	0	0	0	0	0	0	0	0	0	0	S
SAMN19845112	0	0	1	0	0	0	0	1	0	0	0	0	0	1	0	R
SAMN19845113	0	0	1	0	0	0	0	0	0	0	0	0	0	0	0	S
SAMN19845114	0	0	1	0	0	0	0	0	0	0	0	0	0	1	0	S
SAMN19845115	0	0	0	0	0	0	0	0	0	0	0	0	0	0	0	R
SAMN19845116	1	0	0	0	0	1	0	1	0	1	0	0	0	0	0	S
SAMN19845117	1	0	1	0	0	1	0	1	0	0	1	0	0	0	0	S
SAMN19845118	0	0	1	0	0	0	0	0	0	1	0	0	1	0	0	R
SAMN19845119	0	0	1	0	0	0	0	0	0	0	0	0	0	1	0	R
SAMN19845120	0	0	1	0	0	0	0	0	0	0	0	0	0	1	0	S
SAMN19845121	0	0	1	0	0	0	0	0	0	0	0	0	0	0	0	S
SAMN19845122	0	0	0	0	0	0	0	0	0	0	1	0	0	0	0	S
SAMN19845123	0	0	0	0	0	0	0	0	0	0	0	0	0	1	0	S
SAMN19845124	1	0	0	0	0	0	0	1	0	0	0	0	0	0	0	S
SAMN19845125	0	0	1	0	0	1	0	1	0	1	0	0	0	0	0	S
SAMN19845126	0	0	0	0	0	0	0	0	0	0	0	0	0	0	0	S
SAMN19845127	0	0	1	0	0	0	0	0	0	0	1	0	0	0	0	S
SAMN19845128	0	0	0	0	0	0	0	0	0	0	0	0	0	0	0	S
SAMN19845129	0	0	1	0	0	0	0	0	0	0	0	0	0	0	0	R
SAMN19845130	0	0	1	0	0	0	0	0	0	0	0	0	0	0	0	S
SAMN19845131	0	0	1	0	0	0	0	0	0	0	0	0	0	1	0	S
SAMN19845132	0	0	0	0	0	0	0	0	0	0	1	0	0	1	0	S
SAMN19845133	0	0	0	0	0	0	0	0	0	1	0	0	0	0	0	S
SAMN19845134	0	0	1	0	0	0	0	0	0	0	0	0	0	1	0	S
SAMN19845135	0	0	1	0	0	0	0	0	0	0	0	0	0	0	0	S
SAMN19845136	0	0	1	0	0	0	0	0	0	0	0	0	0	1	0	S
SAMN19845137	0	0	1	0	0	0	0	0	0	0	0	0	0	0	0	S
SAMN19845138	0	0	1	0	0	0	0	0	0	0	0	0	0	1	0	S
SAMN19845139	0	0	1	0	0	0	0	0	0	0	0	0	0	1	0	S
SAMN19845140	0	0	0	0	0	0	0	0	0	0	0	0	0	1	0	S
SAMN19845141	0	0	1	0	0	0	0	0	0	0	0	0	0	1	0	S
SAMN19845142	0	0	1	0	0	0	0	0	0	0	0	0	0	0	0	S
SAMN19845143	0	0	1	0	0	0	0	0	0	0	0	0	0	0	0	S
SAMN19845144	0	0	0	0	0	0	0	0	0	0	0	0	0	0	0	S
SAMN19845145	0	0	1	0	0	0	0	0	0	1	0	0	1	0	1	R
SAMN19845146	0	0	1	0	0	0	0	0	0	0	0	0	0	0	0	S
SAMN19845147	0	0	0	0	0	0	0	0	0	0	0	0	0	0	0	S
SAMN19845148	0	0	0	0	0	0	0	1	0	0	0	0	0	0	0	R
SAMN19845149	0	0	0	0	0	0	0	0	0	0	0	0	0	1	0	S
SAMN19845150	0	0	0	0	0	0	0	0	0	0	0	0	0	1	0	S
SAMN19845151	0	0	0	0	0	0	0	0	0	0	0	0	0	1	0	S
SAMN19845152	0	0	0	0	0	0	0	0	0	0	0	0	0	1	0	S
SAMN19845153	0	0	0	0	0	1	0	1	0	0	1	0	0	1	0	R
SAMN19845154	1	0	1	0	0	1	0	1	0	0	0	0	0	0	0	S
SAMN19845155	0	0	0	0	0	0	0	0	0	0	0	0	0	1	0	R
SAMN19845156	0	0	1	0	0	0	0	0	0	0	0	0	0	1	0	S
SAMN19845157	0	0	1	0	0	0	0	0	0	0	1	0	0	0	0	S
SAMN19845158	0	0	0	0	0	0	0	0	0	0	0	0	0	1	0	R
SAMN19845159	0	0	1	0	0	0	0	0	0	0	0	0	0	1	0	R
SAMN19845160	0	0	1	0	0	0	0	0	0	0	0	0	1	0	0	S
SAMN19845161	1	0	0	0	0	1	0	1	0	0	0	0	0	0	0	S
SAMN19845162	0	0	0	0	0	0	0	0	0	0	0	0	0	1	0	R
SAMN19845163	0	0	1	0	0	0	0	0	0	0	0	0	0	0	0	S
SAMN19845164	0	0	1	0	0	0	0	0	0	0	0	0	0	1	0	R
SAMN19845165	0	0	1	0	0	0	0	0	0	0	0	0	0	0	0	R
SAMN19845166	0	0	1	0	0	0	0	0	0	0	0	0	0	0	0	S
SAMN19845167	0	0	1	0	0	0	0	0	0	0	0	0	0	1	0	S
SAMN19845168	0	0	0	0	0	0	0	0	0	0	0	0	0	1	0	S
SAMN19845169	0	0	1	0	0	0	0	0	0	0	0	0	0	0	0	S
SAMN19845170	1	0	0	0	0	1	0	1	0	0	0	0	0	0	0	R
SAMN19845171	0	0	1	0	0	0	0	0	0	0	0	0	0	0	0	S
SAMN19845172	0	0	1	0	0	0	0	0	0	1	0	0	0	1	0	R
SAMN19845173	0	0	1	0	0	0	0	0	0	0	0	0	0	1	0	S
SAMN19845174	0	0	1	0	0	0	0	0	0	0	0	0	0	1	0	S
SAMN19845175	0	0	0	0	0	0	0	0	0	1	0	0	0	0	0	R
SAMN19845176	0	0	1	0	0	0	0	0	0	0	0	0	0	1	0	S
SAMN19845177	0	0	1	0	0	0	0	0	0	0	0	0	0	1	0	R
SAMN19845178	0	0	0	0	0	0	0	0	0	0	0	0	0	0	0	S
SAMN19845179	0	0	0	0	0	0	0	0	0	0	0	0	0	1	0	S
SAMN19845180	0	0	1	0	0	0	0	0	0	0	0	0	0	1	0	R
SAMN19845181	0	0	0	0	0	0	0	0	0	0	0	0	0	0	0	S
SAMN19845182	0	0	1	0	0	0	0	0	0	1	0	0	0	0	0	R
SAMN19845183	0	0	1	0	0	0	0	0	0	0	0	0	0	1	0	R
SAMN19845184	0	0	1	0	0	0	0	0	0	0	1	0	0	1	0	R
SAMN19845185	0	0	1	0	0	0	0	0	0	0	0	0	0	0	0	S
SAMN19845186	0	0	0	0	0	0	0	0	0	0	0	0	0	1	0	R
SAMN19845187	0	0	0	0	0	0	0	0	0	0	0	0	0	0	0	S
SAMN19845188	0	0	1	0	0	0	0	0	0	0	0	0	0	1	0	S
SAMN19845189	0	0	1	0	0	0	0	0	0	0	0	0	0	1	0	S
SAMN19845190	0	0	1	0	0	0	0	0	0	0	0	0	0	0	0	R
SAMN19845191	0	0	1	0	0	0	0	0	0	0	0	0	0	1	0	S
SAMN19845192	0	0	1	0	0	0	0	0	0	0	0	0	0	0	0	R
SAMN19845193	0	0	1	0	0	0	0	0	0	0	0	0	0	1	0	S
SAMN19845194	0	0	1	0	0	0	0	0	0	0	0	0	0	1	0	R
SAMN19845195	0	0	0	0	0	0	0	0	0	0	0	0	0	1	0	S
SAMN19845196	0	0	0	0	0	0	0	0	0	0	0	0	0	0	0	S
SAMN19845197	0	0	1	0	0	0	0	0	0	0	0	0	0	1	0	S
SAMN19845198	0	0	0	0	0	0	0	0	0	0	0	0	0	1	0	S
SAMN19845199	0	0	0	0	0	0	0	0	0	0	1	0	0	0	0	S
SAMN19845200	0	0	1	0	0	0	0	0	0	0	0	0	0	0	0	S
SAMN19845201	1	0	1	0	0	1	0	1	0	1	0	0	0	1	0	R
SAMN19845202	0	0	0	0	0	0	0	0	0	0	0	0	0	1	0	S
SAMN19845203	0	0	1	1	0	0	0	0	0	0	0	0	1	1	0	R
SAMN19845204	0	0	1	0	0	0	0	0	0	1	0	0	0	1	0	R
SAMN19845205	0	0	1	0	0	0	0	0	0	0	0	0	0	1	0	R
SAMN19845206	0	0	0	0	0	0	0	0	0	0	0	0	0	0	0	S
SAMN19845207	0	0	0	1	0	0	0	0	0	1	0	0	0	1	0	R
SAMN19845208	1	0	1	0	0	1	0	0	0	0	0	0	0	1	0	R
SAMN19845209	0	0	0	0	0	0	0	0	0	0	0	0	0	0	0	S
SAMN19845210	0	0	1	0	0	0	0	0	0	0	0	0	0	1	0	S
SAMN19845211	1	0	1	0	0	1	0	0	0	0	0	0	0	1	0	S
SAMN19845212	1	0	1	0	1	0	0	1	0	1	0	0	1	1	0	S
SAMN19845213	0	0	1	0	0	0	0	0	0	0	0	0	0	1	0	S
SAMN19845214	0	0	0	0	0	0	0	0	0	0	0	0	0	1	0	R
SAMN19845215	0	0	0	0	0	0	0	0	0	0	0	0	0	1	0	S
SAMN19845216	1	0	1	0	0	1	0	0	0	0	0	0	0	0	0	S
SAMN19845217	0	0	0	0	0	0	0	0	0	0	0	0	0	1	0	S
SAMN19845218	1	0	0	0	0	1	0	1	0	0	0	0	0	0	0	S
SAMN19845219	0	0	1	0	0	0	0	0	0	0	0	0	0	1	0	S
SAMN19845220	0	0	1	0	0	0	0	0	0	0	0	0	0	1	0	R
SAMN19845221	0	0	0	0	0	0	0	0	0	0	0	0	0	0	0	R
SAMN19845222	0	0	1	0	0	0	0	0	0	0	0	0	0	1	0	S
SAMN19845223	0	0	1	0	0	0	0	0	0	0	1	0	0	0	0	S
SAMN19845224	0	0	1	0	0	0	0	0	0	0	0	0	1	0	0	R
SAMN19845225	0	0	1	1	0	0	0	0	0	0	0	0	0	1	0	R
SAMN19845226	0	0	1	0	0	0	0	0	0	0	0	0	0	1	0	R
SAMN19845227	0	0	0	0	0	0	0	0	0	0	0	0	0	1	0	S
SAMN19845228	1	0	1	0	0	1	0	0	0	1	0	0	0	1	0	R
SAMN19845229	0	0	0	0	0	0	0	0	0	0	0	0	0	0	0	R
SAMN19845230	0	0	1	0	0	0	0	0	0	0	0	1	0	1	0	S
SAMN19845231	0	0	1	0	0	0	0	0	0	0	0	0	0	0	0	R
SAMN19845232	0	0	0	0	0	0	0	0	0	0	0	0	0	0	0	S
SAMN19845233	0	0	1	0	0	0	0	0	0	1	0	0	0	1	0	R
SAMN19845234	0	0	1	0	0	0	0	0	0	0	1	0	1	1	0	R
SAMN19845235	0	0	0	0	0	0	0	0	0	0	0	0	0	0	0	R
SAMN19845236	0	0	1	0	0	0	0	0	0	0	1	0	0	0	0	S
SAMN19845237	0	0	1	0	0	0	0	0	0	0	0	0	0	1	0	S
SAMN19845238	0	0	0	0	0	0	0	0	0	0	0	0	0	0	0	R
SAMN19845239	0	0	1	0	0	0	0	0	0	0	1	0	0	0	0	S
SAMN19845240	0	0	0	0	0	0	0	0	0	0	1	0	0	0	0	S
SAMN19845241	0	0	1	0	0	0	0	0	0	0	0	0	0	0	0	S
SAMN19845242	0	0	1	0	0	0	0	0	0	0	0	0	0	1	0	S
SAMN19845243	1	0	0	0	0	1	0	1	0	0	0	0	0	1	0	S
SAMN19845244	0	0	1	0	0	0	0	0	0	0	0	0	0	0	0	S
