Isolate	NC_000962.3_1634609	NC_000962.3_2155168	NC_000962.3_2289253	NC_000962.3_3847087	NC_000962.3_4247429	NC_000962.3_4247431	NC_000962.3_608037	NC_000962.3_760314	NC_000962.3_761101	NC_000962.3_761102	NC_000962.3_761109	NC_000962.3_761110	NC_000962.3_761139	NC_000962.3_761140	NC_000962.3_761155	AMR
SAMN19845079	0	1	0	0	0	0	0	0	0	0	0	0	0	0	0	S
SAMN19845080	0	0	0	0	0	0	0	0	0	0	0	0	0	0	0	S
SAMN19845081	1	1	0	0	0	0	0	0	0	0	0	0	0	0	1	R
SAMN19845082	1	1	0	0	0	1	0	0	0	0	0	0	0	0	1	R
SAMN19845083	1	0	0	0	0	0	1	0	0	0	0	0	0	0	0	S
SAMN19845084	1	0	0	0	0	0	1	0	0	0	0	0	0	0	1	R
SAMN19845085	1	0	0	0	0	0	1	0	0	0	0	0	0	0	1	R
SAMN19845086	0	0	0	0	0	0	0	0	0	0	0	0	0	0	0	S
SAMN19845087	0	0	0	0	0	0	0	0	0	0	0	0	0	0	1	R
SAMN19845088	1	1	0	0	0	0	0	0	0	0	0	0	0	0	1	R
SAMN19845089	1	1	0	0	0	1	1	0	0	0	0	0	0	0	1	R
SAMN19845090	1	1	0	0	1	0	1	0	0	0	0	0	0	0	1	R
SAMN19845091	1	0	0	0	0	0	1	0	0	0	0	0	0	0	0	R
SAMN19845092	1	1	0	0	1	0	1	0	0	0	0	0	0	0	1	R
SAMN19845093	0	0	0	0	0	0	0	0	0	0	0	0	0	0	0	S
SAMN19845094	0	0	0	0	0	0	0	0	0	0	0	0	0	0	1	R
SAMN19845095	0	1	0	0	1	0	0	0	0	0	0	0	1	0	0	S
SAMN19845096	1	0	0	0	0	0	1	0	0	0	0	0	0	0	1	R
SAMN19845097	0	1	0	0	0	0	0	0	0	0	0	0	0	0	1	R
SAMN19845098	1	1	0	0	0	0	1	0	0	0	0	0	0	0	0	S
SAMN19845099	0	1	0	0	0	0	0	0	0	0	0	0	0	0	1	R
SAMN19845100	0	1	0	0	1	0	0	0	0	0	0	0	0	0	1	R
SAMN19845101	1	0	0	0	0	0	0	0	0	0	0	0	0	0	0	S
SAMN19845102	0	1	0	0	0	0	0	0	0	0	0	1	0	0	0	R
SAMN19845103	0	0	0	0	0	0	0	0	0	0	0	0	0	0	0	R
SAMN19845104	0	1	0	0	0	1	1	0	0	0	0	0	0	0	1	R
SAMN19845105	1	1	0	0	0	0	0	0	0	0	0	0	0	0	1	R
SAMN19845106	1	0	0	0	0	0	1	0	0	0	0	0	0	0	1	R
SAMN19845107	0	0	0	0	0	0	0	0	0	0	0	0	0	0	1	R
SAMN19845108	1	0	0	0	0	0	1	0	0	0	0	0	0	0	1	R
SAMN19845109	1	1	0	0	0	0	1	0	0	0	0	0	0	0	1	R
SAMN19845110	1	1	0	0	0	0	1	0	0	0	0	0	1	0	0	R
SAMN19845111	0	1	0	0	0	0	0	0	0	0	0	0	0	0	0	S
SAMN19845112	1	1	0	0	0	0	0	0	0	0	0	0	0	0	1	R
SAMN19845113	1	1	0	0	0	0	1	0	0	0	0	1	0	0	0	R
SAMN19845114	1	1	0	0	0	0	1	0	0	0	0	0	0	0	1	R
SAMN19845115	1	0	0	0	0	0	1	0	0	0	0	0	0	0	0	S
SAMN19845116	0	0	0	0	1	0	0	0	0	0	0	0	1	0	0	R
SAMN19845117	0	1	0	0	0	1	0	0	0	0	0	1	1	0	0	R
SAMN19845118	1	1	0	0	1	0	1	0	0	0	0	0	0	0	0	R
SAMN19845119	1	1	0	0	0	0	1	0	0	0	0	0	0	0	1	R
SAMN19845120	1	1	0	0	0	0	1	0	0	0	0	0	0	0	1	R
SAMN19845121	1	1	0	0	0	0	1	0	0	0	0	0	0	0	0	R
SAMN19845122	1	0	0	0	0	1	1	0	0	0	0	0	1	0	0	R
SAMN19845123	0	0	0	0	0	0	0	0	0	0	0	0	0	0	1	R
SAMN19845124	0	0	0	0	0	0	0	0	0	0	0	0	0	0	0	S
SAMN19845125	0	1	0	0	1	0	0	0	0	0	0	0	1	0	0	R
SAMN19845126	1	0	0	0	0	0	1	0	0	0	0	0	1	0	0	R
SAMN19845127	0	1	0	0	0	1	0	0	0	0	0	0	1	0	0	R
SAMN19845128	0	0	0	0	0	0	0	0	0	0	0	0	0	0	0	S
SAMN19845129	1	1	0	0	0	0	1	0	0	0	1	0	0	0	0	S
SAMN19845130	0	1	0	0	0	0	0	0	0	0	0	0	1	0	0	R
SAMN19845131	1	1	0	0	0	0	1	0	0	0	0	0	0	0	1	R
SAMN19845132	1	0	0	0	0	1	0	0	0	0	0	0	0	0	1	R
SAMN19845133	1	0	0	0	1	0	1	0	0	0	0	0	1	0	0	R
SAMN19845134	1	1	0	0	0	0	0	0	0	0	0	0	0	0	1	R
SAMN19845135	1	1	0	0	0	0	0	0	0	0	0	0	0	0	0	S
SAMN19845136	1	1	0	0	0	0	0	0	0	0	0	0	0	0	1	R
SAMN19845137	1	1	0	0	0	0	1	0	0	0	0	0	0	0	0	S
SAMN19845138	1	1	0	0	0	0	0	0	0	0	0	0	0	0	1	R
SAMN19845139	1	1	0	0	0	0	1	0	0	0	0	0	0	0	1	R
SAMN19845140	1	0	0	0	0	0	1	0	0	0	0	0	0	0	1	R
SAMN19845141	0	1	0	0	0	0	0	0	0	0	0	0	0	0	1	R
SAMN19845142	1	1	0	0	0	0	1	0	0	0	0	0	0	0	0	R
SAMN19845143	1	1	0	0	0	0	1	0	0	0	0	0	0	0	0	S
SAMN19845144	0	0	0	0	0	0	0	0	0	0	0	0	0	0	0	R
SAMN19845145	1	1	0	0	1	0	1	0	0	0	0	0	0	0	0	S
SAMN19845146	1	1	0	0	0	0	1	0	0	0	0	0	1	0	0	R
SAMN19845147	1	0	0	0	0	0	1	0	0	0	0	0	0	0	0	S
SAMN19845148	1	0	0	0	0	0	1	0	0	0	0	0	1	0	0	R
SAMN19845149	1	0	0	0	0	0	1	0	0	0	0	0	0	0	1	R
SAMN19845150	0	0	0	0	0	0	0	0	0	0	0	0	0	0	1	R
SAMN19845151	1	0	0	0	0	0	1	0	0	0	0	0	0	0	1	R
SAMN19845152	0	0	0	0	0	0	0	0	0	0	0	0	0	0	1	R
SAMN19845153	0	0	0	0	0	1	0	0	0	0	0	0	0	0	1	R
SAMN19845154	0	1	0	0	0	0	0	0	0	0	0	1	0	0	0	R
SAMN19845155	1	0	0	0	0	0	1	0	0	0	0	0	0	0	1	R
SAMN19845156	0	1	0	0	0	0	0	0	0	0	0	0	0	0	1	R
SAMN19845157	0	1	0	0	0	1	0	0	0	0	0	0	1	0	0	R
SAMN19845158	1	0	0	0	0	0	1	0	0	0	0	0	0	0	1	R
SAMN19845159	1	1	0	0	0	0	1	0	0	0	0	0	0	0	1	R
SAMN19845160	1	1	0	0	0	0	0	0	0	0	0	0	0	1	0	R
SAMN19845161	0	0	0	0	0	0	0	0	0	0	0	0	0	0	0	S
SAMN19845162	1	0	0	0	0	0	1	0	0	0	0	0	0	0	1	R
SAMN19845163	1	1	0	0	0	0	1	0	0	0	0	0	0	1	0	R
SAMN19845164	1	1	0	0	0	0	1	0	0	0	0	0	0	0	1	R
SAMN19845165	1	1	0	0	0	0	0	0	0	0	0	0	0	1	0	R
SAMN19845166	1	1	0	0	0	0	1	0	0	0	0	0	1	0	0	R
SAMN19845167	1	1	0	0	0	0	0	0	0	0	0	0	0	0	1	R
SAMN19845168	1	0	0	0	0	0	0	0	0	0	0	0	0	0	1	R
SAMN19845169	1	1	0	0	0	0	0	0	0	0	0	1	0	0	0	R
SAMN19845170	0	0	0	0	0	0	0	0	0	0	1	0	0	0	0	S
SAMN19845171	1	1	0	0	0	0	0	0	0	0	1	0	0	0	0	R
SAMN19845172	1	1	0	0	1	0	1	0	0	0	0	0	0	0	1	R
SAMN19845173	1	1	0	0	0	0	0	0	0	0	0	0	0	0	1	R
SAMN19845174	1	1	0	0	0	0	0	0	0	0	0	0	0	0	1	R
SAMN19845175	1	0	0	0	1	0	1	0	0	0	0	0	1	0	0	R
SAMN19845176	1	1	0	0	0	0	1	0	0	0	0	0	0	0	1	R
SAMN19845177	1	1	0	0	0	0	1	0	0	0	0	0	0	0	1	R
SAMN19845178	1	0	0	0	0	0	1	0	0	0	0	0	0	0	0	S
SAMN19845179	1	0	0	0	0	0	1	0	0	0	0	0	0	0	1	R
SAMN19845180	1	1	0	0	0	0	1	0	0	0	0	0	0	0	1	R
SAMN19845181	1	0	0	0	0	0	0	0	0	0	0	0	0	0	0	S
SAMN19845182	1	1	0	0	1	0	1	0	0	0	0	0	1	0	0	R
SAMN19845183	1	1	0	0	0	0	1	0	0	0	0	0	0	0	1	R
SAMN19845184	0	1	0	0	0	1	1	0	0	0	0	0	0	0	1	R
SAMN19845185	1	1	0	0	0	0	1	0	0	0	0	0	1	0	0	R
SAMN19845186	1	0	0	0	0	0	1	0	0	0	0	0	0	0	1	R
SAMN19845187	1	0	0	0	0	0	0	0	0	0	0	0	0	1	0	S
SAMN19845188	1	1	0	0	0	0	0	0	0	0	0	0	0	0	1	R
SAMN19845189	1	1	0	0	0	0	0	0	0	0	0	0	0	0	1	R
SAMN19845190	1	1	0	0	0	0	1	0	0	0	0	0	0	0	0	S
SAMN19845191	1	1	0	0	0	0	1	0	0	0	0	0	0	0	1	R
SAMN19845192	1	1	0	0	0	0	1	0	0	0	0	0	1	0	0	R
SAMN19845193	1	1	0	0	0	0	0	0	0	0	0	0	0	0	1	R
SAMN19845194	0	1	0	0	0	0	0	0	0	0	0	0	0	0	1	R
SAMN19845195	0	0	0	0	0	0	0	0	0	0	0	0	0	0	1	R
SAMN19845196	1	0	0	0	0	0	1	0	0	0	0	0	1	0	0	R
SAMN19845197	1	1	0	0	0	0	0	0	0	0	0	0	0	0	1	R
SAMN19845198	0	0	0	0	0	0	0	0	0	0	0	0	0	0	1	R
SAMN19845199	1	0	0	0	0	1	1	0	0	0	0	1	0	0	0	R
SAMN19845200	1	1	0	0	0	0	1	0	0	0	0	0	0	0	0	S
SAMN19845201	0	1	0	0	1	0	0	0	0	0	0	0	0	0	1	R
SAMN19845202	1	0	0	0	0	0	0	0	0	0	0	0	0	0	1	R
SAMN19845203	1	1	0	0	0	0	0	0	0	0	0	0	0	0	1	R
SAMN19845204	1	1	0	0	1	0	0	0	0	0	0	0	0	0	1	R
SAMN19845205	0	1	0	0	0	0	1	0	0	0	0	0	0	0	1	R
SAMN19845206	1	0	0	0	0	0	0	0	0	0	0	0	0	0	0	S
SAMN19845207	1	0	0	0	1	0	1	0	0	0	0	0	0	0	1	R
SAMN19845208	0	1	0	0	0	0	0	0	0	0	0	0	0	0	1	R
SAMN19845209	1	0	0	0	0	0	1	0	0	0	0	0	0	0	0	S
SAMN19845210	1	1	0	0	0	0	0	0	0	0	0	0	0	0	1	R
SAMN19845211	0	1	0	0	0	0	0	0	0	0	0	0	0	0	1	R
SAMN19845212	0	1	0	0	1	0	0	0	0	0	0	0	0	0	1	R
SAMN19845213	1	1	0	0	0	0	1	0	0	0	0	0	0	0	1	R
SAMN19845214	1	0	0	0	0	0	1	0	0	0	0	0	0	0	1	R
SAMN19845215	1	0	0	0	0	0	0	0	0	0	0	0	0	0	1	R
SAMN19845216	0	1	0	0	0	0	0	0	0	0	0	0	0	0	0	R
SAMN19845217	1	0	0	0	0	0	0	0	0	0	0	0	0	0	1	R
SAMN19845218	1	0	0	0	0	0	0	0	0	0	0	0	0	0	0	S
SAMN19845219	1	1	0	0	0	0	0	0	0	0	0	0	0	0	1	R
SAMN19845220	1	1	0	0	0	0	1	0	0	0	0	0	0	0	1	R
SAMN19845221	1	0	0	0	0	0	1	0	0	0	0	0	0	0	0	S
SAMN19845222	1	1	0	0	0	0	1	0	0	0	0	0	0	0	1	R
SAMN19845223	1	1	0	0	0	1	0	0	0	0	0	0	0	0	0	R
SAMN19845224	1	1	0	0	0	0	1	0	0	0	0	0	1	0	0	R
SAMN19845225	1	1	0	0	0	0	0	0	0	0	0	0	0	0	1	R
SAMN19845226	1	1	0	0	0	0	1	0	0	0	0	0	0	0	1	R
SAMN19845227	1	0	0	0	0	0	1	0	0	0	0	0	0	0	1	R
SAMN19845228	0	1	0	0	1	0	0	0	0	0	0	0	0	0	1	R
SAMN19845229	0	0	0	0	0	0	0	0	0	0	0	0	0	0	0	R
SAMN19845230	1	1	0	0	0	0	0	0	0	0	0	0	0	0	1	R
SAMN19845231	0	1	0	0	0	0	0	0	0	0	0	1	0	0	0	R
SAMN19845232	1	0	0	0	0	0	1	0	0	0	0	0	0	0	0	S
SAMN19845233	1	1	0	0	1	0	1	0	0	0	0	0	0	0	1	R
SAMN19845234	1	1	0	0	0	1	1	0	0	0	0	0	0	0	1	R
SAMN19845235	1	0	0	0	0	0	1	0	0	0	0	0	0	0	0	S
SAMN19845236	0	1	0	0	0	1	0	0	0	0	0	0	0	0	0	R
SAMN19845237	0	1	0	0	0	0	0	0	0	0	0	0	0	0	1	R
SAMN19845238	0	0	0	0	0	0	0	0	0	0	0	0	0	0	0	S
SAMN19845239	1	1	0	0	0	1	0	0	0	0	0	0	0	0	0	R
SAMN19845240	1	0	0	0	0	1	1	0	0	0	0	1	0	0	0	R
SAMN19845241	1	1	0	0	0	0	1	0	0	0	0	0	1	0	0	R
SAMN19845242	1	1	0	0	0	0	0	0	0	0	0	0	0	0	1	R
SAMN19845243	0	0	0	0	0	0	0	0	0	0	0	0	0	0	1	R
SAMN19845244	1	1	0	0	0	0	0	0	0	0	0	0	0	0	0	S
